369718 202 1803 386 318 1277 292 -320 1171 -135
369734 292 1598 -49 -245 1092 252 -271 1057 38
369750 252 1274 -247 -563 1185 272 -300 1000 0
369765 -181 1039 -475 -918 1175 343 -262 1180 -165
369781 -181 1039 -475 -918 1175 343 -77 1361 -67
369796 888 696 -227 -990 1092 353 -48 1285 -38
369812 1323 294 306 -654 1046 444 -77 1190 -9
369828 696 627 475 -200 1138 535 -106 1114 106
369843 161 794 495 -18 898 373 -116 1028 145
369859 -80 1009 415 -618 972 121 -145 961 48
369875 -212 1205 396 -700 1018 -141 -116 990 67
369890 -70 1215 613 -472 935 -404 -165 990 -58
369906 -121 1254 732 18 953 -717 -174 952 -9
369921 -979 1284 584 418 861 -636 -135 952 48
369937 -1898 745 930 354 731 -181 -135 952 48
369953 -2434 705 633 -72 740 161 -67 961 -67
369968 -3232 401 762 -1372 722 292 58 942 -38
369984 -595 98 1356 -1818 620 939 262 885 77
370000 -40 39 1792 -2318 435 838 213 866 -97
370015 -404 1911 -316 418 1240 252 -48 809 -87
370031 737 2098 -801 2827 2962 -1383 -436 1066 582
370046 636 774 79 1927 611 -343 -553 1580 252
370062 -404 950 673 218 601 717 -417 1019 213
370078 -454 1176 277 -300 1000 686 -87 761 184
370093 -454 1176 277 -436 1175 393 106 819 271
370109 -101 1137 148 400 972 50 19 1019 339
370125 -50 1019 128 136 1037 0 -38 1152 378
370140 -131 1029 217 127 944 161 -174 1038 320
370156 -80 1088 297 263 1000 171 -271 952 252
370171 80 1137 188 581 981 121 -271 904 97
370187 80 1137 188 709 861 202 -339 819 0
370203 181 1480 455 736 888 282 -504 742 -38
370218 40 1392 306 581 1203 70 -582 838 19
370234 40 1392 306 190 1175 181 -174 1314 -174
370250 20 1127 29 -200 990 424 -203 1171 -9
370265 -151 1107 -49 -481 1120 292 -300 1057 126
370281 -40 1029 -168 -800 1222 333 -271 1104 29
370296 909 656 178 -809 1101 303 -145 1171 -126
370312 1151 460 673 -445 935 525 -67 1180 -58
370328 515 578 722 127 888 575 -29 1171 -97
370343 90 696 613 36 879 313 -106 1066 9
370359 -20 754 663 -690 990 191 -155 971 184
370375 -1121 794 712 -990 1018 -242 -145 904 242
370390 -2060 882 405 -945 1027 -595 -242 1000 -29
370406 -3515 882 118 -1000 712 -404 -106 933 116
370421 -4272 588 -138 -1763 527 171 48 990 29
370437 1060 -9 623 -2054 1148 -111 194 942 -310
370453 -70 2225 405 1490 2037 313 -29 1180 -262
370468 121 1215 99 1572 462 -50 -106 1171 233
370484 252 794 425 654 898 191 -281 1057 300
370500 -292 1098 267 -181 1092 222 -213 857 233
370515 -222 1019 336 27 944 202 -165 828 271
370531 -151 1049 306 218 962 282 -126 942 291
370546 -121 1049 277 227 1009 161 -135 1066 281
370562 -181 1029 277 290 916 111 -97 1047 242
370578 -121 1019 237 445 935 101 -106 914 233
370593 -10 1029 257 445 935 101 -233 800 194
370609 90 1166 316 754 851 171 -436 790 126
370625 80 1235 297 936 898 191 -456 752 58
370640 131 1333 59 872 898 111 -533 628 29
370656 30 1725 594 581 962 272 -436 904 -174
370671 171 1558 108 400 1518 80 -145 1228 -165
370687 171 1558 108 172 1240 313 -145 1228 -165
370703 161 1274 -29 -154 1018 343 -97 1180 0
370718 40 1176 -79 -409 1166 202 -145 1180 19
370734 -121 941 -207 -818 1231 272 -194 1247 -203
370750 555 892 -326 -1009 1120 333 -145 1333 -106
370765 1525 372 455 -718 1148 484 -135 1276 38
370781 1000 529 752 -109 1111 616 -174 1257 -19
370796 101 784 643 -181 981 434 -194 1142 77
370812 -282 950 663 -609 1055 30 -174 1038 116
370828 -393 1039 544 -663 1027 -292 -116 1057 0
370843 -434 1039 613 -481 962 -555 -194 1019 -77
370859 -1131 1009 792 -200 787 -666 -223 1028 -19
370875 -2515 862 594 -290 546 -262 -135 914 19
370890 -3545 568 148 -1136 666 101 -19 904 -67
370906 -3141 372 168 -2645 518 1111 233 733 97
370921 242 -539 1099 -2163 120 575 223 695 -174
370937 414 1470 1178 2009 1750 414 -48 809 -233
370953 646 1950 -356 3345 1601 -424 -271 857 436
370968 464 1029 89 1345 768 50 -320 1209 330
370984 -121 1058 356 45 814 353 -291 1104 271
371000 -131 1137 445 -218 1037 454 -97 1076 194
371015 -303 1098 386 -81 1148 444 -29 1000 145
371031 101 1245 207 836 944 141 -184 971 38
371046 -20 1313 207 836 972 151 -495 904 -29
371062 292 1450 227 963 1453 -171 -359 980 0
371078 101 1156 -49 318 1111 80 -281 961 203
371093 -151 950 -366 -381 907 -40 -291 876 135
371109 -151 950 -366 -936 1240 424 -320 904 77
371125 1252 294 89 -1063 1111 303 -281 1104 -58
371140 1252 294 89 -1063 907 343 -184 1371 -223
371156 1060 245 534 -381 879 383 -67 1447 -165
371171 242 627 663 -127 824 60 -106 1171 9
371187 -30 676 811 -500 907 -242 -106 933 165
371203 -1000 754 772 -618 759 -454 -165 961 19
371218 -2404 1000 792 -490 861 -363 -77 961 -106
371234 -4989 1382 138 -645 842 151 -29 1028 -184
371250 2151 -215 207 -2863 1000 20 271 866 -155
371265 90 1039 435 1454 1453 -10 -145 980 -242
371281 151 1666 297 1018 722 313 -126 904 194
371296 -60 764 386 527 1055 292 -233 942 184
371312 -161 1147 336 309 1083 313 -262 876 194
371328 -171 1058 316 309 1083 313 -194 1066 262
371343 -101 1068 346 463 935 111 -126 1104 271
371359 -101 1117 247 545 916 10 -126 1066 242
371375 -30 1088 227 709 925 60 -194 847 203
371390 -20 1137 277 772 833 101 -281 761 106
371406 -30 1137 207 609 870 262 -436 609 -9
371421 -141 1735 396 336 1314 202 -660 580 67
371437 50 1274 138 272 1379 181 38 1314 -320
371453 70 1205 49 72 1000 343 -67 1028 87
371468 -60 1058 49 -236 1111 393 -203 1142 135
371484 60 901 -49 -527 1250 373 -223 1380 -38
371500 868 490 336 -818 1250 292 -145 1514 -349
371515 868 490 336 -863 1212 171 -116 1371 0
371531 151 500 910 -863 1212 171 -77 1361 -77
371546 -212 705 801 -545 1055 505 -77 1076 281
371562 -212 705 801 -490 796 -20 -97 1028 242
371578 -333 803 762 -490 796 -20 -320 971 -262
371593 -1767 1166 29 -209 888 -272 -252 895 -9
371609 -2666 1264 -772 -172 777 -282 -300 819 29
371625 -2505 813 -1000 -45 824 -161 -252 800 -106
371640 -2505 813 -1000 -700 675 -121 -87 647 87
371656 161 313 1603 -900 666 171 67 600 -77
371671 161 313 1603 -863 851 -232 -126 704 -330
371687 -10 2117 801 1200 1231 272 -427 828 -116
371703 -232 1078 9 1700 907 232 -592 1095 -106
371718 171 1264 39 963 1194 161 -504 1019 -67
371734 -262 1254 366 209 1231 -141 -456 980 29
371750 -151 1127 227 -136 1111 -222 -436 1104 -19
371765 -414 647 -69 -136 1222 -121 -213 1142 398
371781 -949 411 -376 -872 1046 10 -87 1238 233
371796 -949 411 -376 -1563 907 373 0 1171 -9
371812 -979 352 -168 -1518 740 393 0 1085 -106
371828 -808 509 564 -445 1046 252 -77 1095 -174
371843 -111 1470 891 454 1277 -90 -174 1038 -339
371859 848 2598 -702 454 1277 -90 -388 1104 -223
371875 70 921 39 2118 1722 -636 -475 1219 116
371890 -555 754 445 1209 796 -424 -271 961 9
371906 -474 911 574 -763 851 404 -233 790 -77
371921 -212 1009 435 -1172 925 555 -145 790 87
371937 -212 1009 435 -63 935 575 -126 895 213
371953 50 1058 306 672 1055 242 -106 1066 242
371968 -60 1039 217 881 898 0 -19 1009 262
371984 -131 960 287 454 916 101 -48 904 242
372000 -141 980 267 200 907 111 -67 800 233
372015 -111 980 277 272 879 80 -116 723 233
372031 -30 1009 267 518 870 40 -271 638 174
372046 -40 1127 297 609 935 60 -436 723 29
372062 -70 1225 287 727 981 90 -514 780 19
372078 -90 1274 425 590 962 50 -466 866 -155
372093 -252 1549 693 290 1296 20 -77 1390 -543
372109 -191 1588 396 318 1546 -161 -77 1390 -543
372125 -30 1392 405 190 1333 -353 -9 1371 -38
372140 -262 1205 277 -263 1370 -141 -145 1352 184
372156 -323 970 346 -627 1222 -141 -174 1390 77
372171 -121 862 287 -790 1305 -151 -155 1304 67
372187 737 539 306 -872 1138 -121 -67 1228 9
372203 585 578 336 -500 879 -20 29 1142 -67
372218 545 686 316 -145 833 141 0 1000 19
372234 323 794 207 72 851 30 -9 933 58
372250 151 892 89 100 824 20 -9 933 58
372265 70 990 29 27 805 10 -19 847 126
372281 -20 1019 59 27 768 10 0 828 97
372296 -70 1107 19 90 796 -60 19 809 67
372312 -161 1137 9 127 870 -111 19 809 67
372328 -303 1147 -59 190 814 -40 29 828 126
372343 -454 1117 -108 181 805 -10 58 857 116
372359 -444 1078 -69 54 740 171 67 866 97
372375 -474 1039 49 -54 814 171 67 885 106
372390 -848 892 267 9 787 161 106 933 155
372406 -848 892 267 9 787 161 116 990 67
372421 -818 1117 128 236 777 242 97 1038 77
372437 -969 950 277 363 925 50 58 1076 29
372453 -1212 1078 227 363 925 50 -19 1085 -29
372468 -1747 1245 49 463 1055 141 -38 1114 -87
372484 -393 1117 -29 263 1074 141 -48 1161 -126
372500 636 833 -29 -518 861 70 -38 1219 48
372515 575 833 -316 -509 824 50 67 904 446
372531 -242 1754 0 -409 916 -10 0 942 106
372546 -242 1754 0 363 1638 -282 -310 1523 -553
372562 595 1490 1000 1281 1666 -131 -398 1533 38
372578 -575 980 297 -600 972 464 -155 790 -126
372593 -232 941 415 -600 972 464 -174 847 9
372609 -252 1039 366 -236 1083 303 -174 847 9
372625 -252 1039 366 -236 1083 303 -213 1000 87
372640 -161 950 346 327 962 131 -271 1123 58
372656 -101 950 287 309 935 111 -223 1057 77
372671 -181 970 376 127 953 171 -174 933 38
372687 -222 970 396 0 925 242 -155 876 19
372703 -161 960 405 -36 916 252 -155 828 19
372718 -202 970 415 -63 972 323 -184 904 38
372734 -191 980 445 -127 990 333 -194 1076 48
372750 -242 1000 396 -45 981 232 -203 1028 135
372765 -262 970 316 -45 981 232 -233 1000 126
372781 -171 990 366 -18 981 232 -213 971 126
372796 -191 970 396 54 990 212 -184 923 106
372812 -303 970 356 45 935 232 -135 933 97
372828 -303 970 356 63 972 171 -58 942 145
372843 -111 941 455 63 962 101 -48 971 67
372859 -212 980 366 163 916 80 -38 923 106
372875 -171 960 326 145 925 90 9 914 126
372890 -151 941 346 45 953 151 38 923 135
372906 -191 960 366 9 990 151 9 828 242
372921 -232 990 376 72 1000 161 0 838 242
372937 -232 990 386 281 981 141 0 876 194
372953 -202 1058 356 472 981 121 -106 933 252
372968 -121 1058 435 627 1083 101 -203 1104 252
372984 -50 1196 435 809 1101 20 -271 1228 38
373000 -50 1284 405 963 1203 40 -310 1342 -203
373015 -20 1460 495 1118 1388 -161 -67 1666 -359
373031 -20 1892 653 972 1638 -888 -262 1342 -97
373046 303 2313 881 590 1592 -797 -407 1104 126
373062 252 2166 613 -100 1685 -242 -417 1085 184
373078 80 2274 257 -490 1564 -10 -242 1085 116
373093 -121 1892 277 -1236 1388 101 -106 1133 -67
373109 -303 1411 277 -1136 1574 -20 -9 1238 -126
373125 -181 617 326 -700 1490 40 9 1180 -19
373140 363 303 396 -209 1120 30 -29 1142 -29
373156 373 9 316 -309 990 -40 -116 1066 -97
373171 1262 88 356 -254 935 -161 -106 933 -19
373187 767 607 -89 -454 796 -20 -145 914 0
373203 313 509 -148 -527 666 20 -165 771 87
373218 181 490 -89 -600 592 0 -106 676 97
373234 181 519 -9 -472 592 111 -77 657 77
373250 90 735 -128 -336 481 90 -67 647 116
373265 10 882 -148 -345 472 70 -38 695 106
373281 0 1009 -108 -481 583 50 58 742 58
373296 -161 1196 -128 -572 611 121 203 933 29
373312 -323 1362 -79 -609 666 474 233 961 87
373328 -686 1627 29 -9 694 626 223 1038 77
373343 -1121 1911 207 309 953 585 165 1057 135
373359 -1414 2098 158 709 981 40 67 1085 174
373375 -1414 1441 138 1281 1148 10 -19 1238 -38
373390 -1676 1362 99 1036 981 212 48 1209 9
373406 -1696 1176 -29 600 1009 494 97 904 252
373421 -1696 1058 138 -627 481 272 87 990 77
373437 -1737 1264 -198 -627 481 272 -165 1380 -582
373453 -1737 1264 -198 -709 1175 -363 -669 1828 -330
373468 -1212 1421 -801 1581 2462 -313 -427 1409 145
373484 404 1156 -89 1336 1212 30 -504 933 9
373500 2272 1450 831 -2000 666 323 -378 942 -252
373515 -1303 2931 -495 -1590 1092 454 -378 942 -252
373531 232 343 237 -709 814 454 -330 1000 -87
373546 232 343 237 45 1138 606 -271 1047 -58
373562 -707 843 326 536 1092 333 -194 1095 -38
373578 -232 892 574 154 1037 313 -184 1000 19
373593 -494 980 455 -327 1037 353 -213 1047 19
373609 -121 960 524 -409 1009 373 -233 1009 58
373625 -101 1078 455 -300 1027 353 -262 961 87
373640 -292 980 405 -72 972 323 -291 885 97
373656 -292 950 475 27 981 242 -271 866 116
373671 -343 970 425 27 981 242 -233 847 77
373687 -262 950 455 81 962 212 -145 838 87
373703 -191 941 435 136 879 181 -106 809 48